/////////////////////////////////////////////
/////////////////BUBBLE SORT/////////////////
/////////////////////////////////////////////
before: [50] [44] [30] [22] [12] [49] [14] [33] [47] [20] [9] [38] [43] [11] [46] [19] [35] [37] [29] [3] [23] [1] [24] [41] [2] [27] [28] [21] [40] [31] [36] [18] [32] [15] [6] [48] [10] [16] [13] [26] [34] [5] [42] [4] [17] [45] [25] [7] [39] [8]
UNSORTED
after: [1] [2] [3] [4] [5] [6] [7] [8] [9] [10] [11] [12] [13] [14] [15] [16] [17] [18] [19] [20] [21] [22] [23] [24] [25] [26] [27] [28] [29] [30] [31] [32] [33] [34] [35] [36] [37] [38] [39] [40] [41] [42] [43] [44] [45] [46] [47] [48] [49] [50]
SORTED
copy array: [1] [2] [3] [4] [5] [6] [7] [8] [9] [10] [11] [12] [13] [14] [15] [16] [17] [18] [19] [20] [21] [22] [23] [24] [25] [26] [27] [28] [29] [30] [31] [32] [33] [34] [35] [36] [37] [38] [39] [40] [41] [42] [43] [44] [45] [46] [47] [48] [49] [50]
SORTED

/////////////////////////////////////////////
///////////////INSERTION SORT////////////////
/////////////////////////////////////////////
before: [20] [34] [49] [11] [39] [48] [13] [8] [32] [16] [50] [40] [22] [24] [4] [2] [1] [14] [27] [38] [3] [41] [18] [35] [30] [10] [44] [37] [31] [26] [5] [12] [17] [43] [36] [47] [15] [28] [9] [46] [33] [42] [23] [45] [29] [25] [7] [21] [6] [19]
UNSORTED
after: [1] [2] [3] [4] [5] [6] [7] [8] [9] [10] [11] [12] [13] [14] [15] [16] [17] [18] [19] [20] [21] [22] [23] [24] [25] [26] [27] [28] [29] [30] [31] [32] [33] [34] [35] [36] [37] [38] [39] [40] [41] [42] [43] [44] [45] [46] [47] [48] [49] [50]
SORTED
copy array: [1] [2] [3] [4] [5] [6] [7] [8] [9] [10] [11] [12] [13] [14] [15] [16] [17] [18] [19] [20] [21] [22] [23] [24] [25] [26] [27] [28] [29] [30] [31] [32] [33] [34] [35] [36] [37] [38] [39] [40] [41] [42] [43] [44] [45] [46] [47] [48] [49] [50]
SORTED

/////////////////////////////////////////////
/////////////////QUICK SORT//////////////////
/////////////////////////////////////////////
before: [10] [29] [34] [48] [23] [22] [12] [45] [4] [31] [44] [14] [33] [16] [11] [15] [37] [38] [32] [43] [20] [18] [21] [26] [1] [24] [3] [41] [42] [47] [2] [39] [49] [30] [9] [5] [13] [27] [7] [28] [36] [8] [40] [46] [17] [35] [19] [6] [25] [50]
UNSORTED
after: [1] [2] [3] [4] [5] [6] [7] [8] [9] [10] [11] [12] [13] [14] [15] [16] [17] [18] [19] [20] [21] [22] [23] [24] [25] [26] [27] [28] [29] [30] [31] [32] [33] [34] [35] [36] [37] [38] [39] [40] [41] [42] [43] [44] [45] [46] [47] [48] [49] [50]
SORTED
copy array: [1] [2] [3] [4] [5] [6] [7] [8] [9] [10] [11] [12] [13] [14] [15] [16] [17] [18] [19] [20] [21] [22] [23] [24] [25] [26] [27] [28] [29] [30] [31] [32] [33] [34] [35] [36] [37] [38] [39] [40] [41] [42] [43] [44] [45] [46] [47] [48] [49] [50]
SORTED

/////////////////////////////////////////////
/////////////////HEAP SORT///////////////////
/////////////////////////////////////////////
before: [7] [3] [15] [2] [12] [41] [29] [11] [40] [38] [34] [48] [4] [49] [10] [18] [43] [25] [6] [39] [22] [14] [1] [28] [16] [20] [31] [17] [13] [24] [45] [8] [42] [26] [32] [33] [27] [37] [9] [35] [47] [46] [5] [36] [19] [50] [21] [23] [30] [44]
UNSORTED
[L: 4]                24
[L: 3]            41
[L: 4]                10
[L: 2]        45
[L: 4]                13
[L: 3]            17
[L: 4]                15
[L: 1]    48
[L: 4]                20
[L: 3]            29
[L: 4]                4
[L: 2]        44
[L: 4]                30
[L: 5]                    16
[L: 3]            31
[L: 5]                    23
[L: 4]                28
[L: 5]                    7
[L: 0]50
[L: 5]                    21
[L: 4]                36
[L: 5]                    1
[L: 3]            46
[L: 5]                    19
[L: 4]                34
[L: 5]                    14
[L: 2]        47
[L: 5]                    5
[L: 4]                39
[L: 5]                    22
[L: 3]            43
[L: 5]                    35
[L: 4]                38
[L: 5]                    3
[L: 1]    49
[L: 5]                    9
[L: 4]                33
[L: 5]                    6
[L: 3]            37
[L: 5]                    25
[L: 4]                27
[L: 5]                    11
[L: 2]        42
[L: 5]                    26
[L: 4]                32
[L: 5]                    12
[L: 3]            40
[L: 5]                    8
[L: 4]                18
[L: 5]                    2

/////////////////////////////////////////////
/////////////////MERGE SORT//////////////////
/////////////////////////////////////////////
before: [20] [23] [27] [43] [3] [13] [44] [41] [17] [4] [39] [12] [15] [38] [21] [25] [47] [40] [50] [10] [7] [19] [22] [34] [8] [29] [16] [33] [35] [37] [32] [5] [28] [18] [36] [9] [2] [46] [26] [48] [6] [31] [45] [14] [11] [49] [24] [30] [42] [1]
UNSORTED
after: [1] [2] [3] [4] [5] [6] [7] [8] [9] [10] [11] [12] [13] [14] [15] [16] [17] [18] [19] [20] [21] [22] [23] [24] [25] [26] [27] [28] [29] [30] [31] [32] [33] [34] [35] [36] [37] [38] [39] [40] [41] [42] [43] [44] [45] [46] [47] [48] [49] [50]
SORTED
copy array: [1] [2] [3] [4] [5] [6] [7] [8] [9] [10] [11] [12] [13] [14] [15] [16] [17] [18] [19] [20] [21] [22] [23] [24] [25] [26] [27] [28] [29] [30] [31] [32] [33] [34] [35] [36] [37] [38] [39] [40] [41] [42] [43] [44] [45] [46] [47] [48] [49] [50]
SORTED

Duration for Bubble_sort: 0.04700
Duration for Insertion_sort: 0.06300
Duration for Quick_sort: 0.09300
Duration for Heap_sort: 0.17200
Duration for Merge_sort: 0.06300
Hello World!
Press <RETURN> to close this window...
